0.894304
0.669961
0.459742
0.415338
0.30882
0.268552
0.260196
0.291031
0.267066
0.289467
0.224226
0.258756
0.239202
0.232289
0.233769
0.217089
0.228682
0.235907
0.208053
0.21894
0.214999
0.195122
0.209139
0.220292
0.204907
0.189594
0.202769
0.184416
0.19752
0.197022
0.17584
0.194189
0.18518
0.175072
0.212593
0.170839
0.177202
0.185156
0.199276
0.198074
0.186583
0.184476
0.174378
0.179846
0.175008
0.170824
0.182008
0.196632
0.178662
0.175592
0.180938
0.181226
0.17427
0.17937
0.176368
0.165615
0.168605
0.170212
0.196939
0.172337
0.162375
0.153966
0.17551
0.192131
0.181314
0.175688
0.150663
0.156796
0.162636
0.165721
0.167677
0.174405
0.164735
0.174621
0.181953
0.166128
0.173785
0.19955
0.163449
0.180505
0.173763
0.149667
0.152213
0.180745
0.163755
0.156872
0.156747
0.170893
0.172787
0.17048
0.173035
0.185371
0.160528
0.174008
0.157232
0.157579
0.166503
0.167027
0.160205
0.164662
0.199073
0.168942
0.183642
0.173561
0.173159
0.184016
0.158254
0.185199
0.157817
0.159205
0.160731
0.159644
0.15224
0.163045
0.166228
0.166046
0.16739
0.165863
0.148489
0.146987
0.153111
0.174041
0.168849
0.18145
0.164181
0.160989
0.167048
0.16291
0.145837
0.18065
0.151191
0.156367
0.165964
0.168543
0.16812
0.163137
0.162947
0.174487
0.183243
0.160933
0.156248
0.19882
0.16344
0.159384
0.164292
0.150896
0.162208
0.160564
0.152671
0.163523
0.157719
0.169146
0.166059
0.160589
0.166925
0.177539
0.170364
0.170037
0.175181
0.171959
0.170192
0.19143
0.162686
0.181525
0.201021
0.161088
0.154518
0.172358
0.171788
0.16457
0.168931
0.154847
0.15591
0.151074
0.154046
0.156553
0.166896
0.161157
0.162799
