1 37949
-1 7569
-1 28332
1 7582
1 3192
-1 40724
-1 755
-1 12770
1 16372
-1 16814
-1 1433
-1 36130
1 35151
1 41399
1 1188
1 38305
-1 21464
-1 35694
-1 2657
1 23929
-1 40206
-1 30057
1 2613
1 35630
1 36220
-1 26728
-1 39775
1 29727
1 12384
1 4363
1 34761
-1 25369
1 12688
1 36060
1 12778
-1 21313
-1 10835
-1 25894
-1 26881
1 25231
-1 29409
-1 34996
-1 43260
-1 43097
1 3894
1 24884
-1 29825
1 1632
-1 41416
-1 39840
-1 25405
-1 30716
1 23542
-1 21290
-1 40047
1 38593
-1 42683
-1 36165
-1 15869
1 32806
-1 551
1 1430
-1 3759
-1 21464
-1 28206
-1 38370
1 38853
1 41780
1 638
-1 15210
1 13888
-1 17328
1 38784
-1 27598
-1 6054
1 13139
-1 34749
-1 2529
1 35708
-1 36888
-1 20250
-1 30419
1 1762
-1 24813
-1 484
-1 21294
-1 7633
-1 26713
1 1405
1 17512
1 33892
1 1325
-1 32427
-1 3211
1 22598
1 40532
1 28281
1 8981
1 39169
-1 13038
-1 35301
1 25287
-1 22616
1 35137
-1 24627
1 17468
-1 16175
-1 268
1 25924
-1 15769
1 40334
1 24638
-1 38716
1 35982
1 34268
-1 33094
-1 32112
-1 30418
1 13342
1 41372
-1 18077
1 36490
-1 26333
1 14369
-1 26261
-1 12567
-1 39075
1 33892
1 9134
-1 4975
-1 15931
1 12537
1 40166
1 43122
-1 17600
1 27768
1 17512
1 35030
-1 16622
1 42135
1 14670
-1 13032
1 26323
1 2629
-1 397
-1 13896
1 36801
1 38751
-1 29023
-1 25753
-1 1683
1 39440
1 1188
-1 38978
-1 19763
-1 3793
-1 33532
1 25473
-1 26974
1 4529
-1 8704
-1 31381
1 13843
-1 37201
1 40469
1 244
1 13854
1 34428
-1 19040
-1 21756
1 33290
1 3932
-1 19765
-1 38571
1 26416
-1 38848
-1 41377
1 12685
-1 15795
