174
5343.99
592.777
232.663
-1146.32
-483.132
2616.46
-177.726
-1049.9
5281.65
-729.818
5437.27
225.197
-222.01
67.3165
45.0039
318.218
34.1299
-901.465
-9.1
69.0118
394.109
-1.21477
-50.477
-1353.37
-108.013
37.3377
57.1421
557.881
-1516.39
-276.734
164.696
486.488
308.906
1596.18
-98.9025
806.611
4658.97
-134.233
-903.656
3493.37
1762
550.031
660.068
-43.4457
427.251
-475.276
16.2331
-676.83
206.652
-336.485
1281.71
-202.572
-149.948
2.0675
-1295.8
-166.57
-883.43
468.934
6472.11
704.713
885.043
394.236
1675.76
4336.67
-129.946
4.65035
2628.57
778.84
3.586
3160.47
4102.75
1.41584
3142.3
-548.852
-460.949
4773.45
-7.81008
18.876
387.349
410.997
2234.31
-168.508
6924.43
14.2382
-366.551
4.07347
-418.802
114.127
-42.2886
100.04
-129.825
1166.46
2094.04
3847.13
-2543.76
3453.15
37.3377
5812.98
-354.249
-1263.5
5448.25
118.332
-34.5481
62.4172
-20.2262
206.267
1945.53
-68.1822
-669.703
-57.9645
408.579
696.105
86.2948
505.225
-215.476
204.205
4637.51
92.7199
3457.46
5784.64
-77.9112
6485.22
-301.378
56.8774
2332
2953.95
358.617
-63.8263
-52.0379
3033.71
416.954
-1460.66
-104.689
5.20629
-203.784
2027.3
104.944
3635.16
-63.4785
36.9575
26.8703
19.6058
1385.54
6468.11
1267.93
836.917
4607.08
813.785
243.489
103.208
482.957
556.075
118.414
2166.81
560.663
2530.02
39.929
2463.78
535.457
2291.12
10079.3
3115.16
-440.545
4732.22
-65.4728
1054.85
6228.63
357.791
807.217
44.1392
37.6801
1410.79
-30.8645
4127.79
